0.000000 0.307566
0.034483 0.402287
0.068966 0.498265
0.103448 0.593765
0.137931 0.686323
0.172414 0.772509
0.206897 0.847664
0.241379 0.905652
0.275862 0.938737
0.310345 0.937792
0.344828 0.893128
0.379310 0.796281
0.413793 0.642867
0.448276 0.435936
0.482759 0.188361
0.517241 -0.077717
0.551724 -0.335280
0.586207 -0.559172
0.620690 -0.731936
0.655172 -0.846175
0.689655 -0.903311
0.724138 -0.910450
0.758621 -0.877155
0.793103 -0.813148
0.827586 -0.727062
0.862069 -0.625975
0.896552 -0.515411
0.931035 -0.399543
0.965517 -0.281450
1.000000 -0.163371
