0.000000 -0.893685
0.034483 -0.882582
0.068966 -0.870987
0.103448 -0.858897
0.137931 -0.846310
0.172414 -0.833227
0.206897 -0.819650
0.241379 -0.805586
0.275862 -0.791043
0.310345 -0.776032
0.344828 -0.760568
0.379310 -0.744669
0.413793 -0.728355
0.448276 -0.711650
0.482759 -0.694582
0.517241 -0.677180
0.551724 -0.659476
0.586207 -0.641507
0.620690 -0.623310
0.655172 -0.604924
0.689655 -0.586391
0.724138 -0.567754
0.758621 -0.549056
0.793103 -0.530342
0.827586 -0.511657
0.862069 -0.493045
0.896552 -0.474549
0.931035 -0.456212
0.965517 -0.438074
1.000000 -0.420176
