0.000000 -0.021356
0.034483 -0.030725
0.068966 -0.044163
0.103448 -0.063400
0.137931 -0.090853
0.172414 -0.129859
0.206897 -0.184939
0.241379 -0.262040
0.275862 -0.368659
0.310345 -0.513632
0.344828 -0.706308
0.379310 -0.954760
0.413793 -1.262939
0.448276 -1.627319
0.482759 -2.034515
0.517241 -2.461844
0.551724 -2.881725
0.586207 -3.268427
0.620690 -3.603909
0.655172 -3.880193
0.689655 -4.098134
0.724138 -4.264286
0.758621 -4.387689
0.793103 -4.477575
0.827586 -4.542124
0.862069 -4.588006
0.896552 -4.620382
0.931035 -4.643112
0.965517 -4.659011
1.000000 -4.670104
