0.000000 0.688105
0.034483 0.738552
0.068966 0.791716
0.103448 0.847601
0.137931 0.906190
0.172414 0.967441
0.206897 1.031289
0.241379 1.097640
0.275862 1.166375
0.310345 1.237344
0.344828 1.310374
0.379310 1.385261
0.413793 1.461778
0.448276 1.539677
0.482759 1.618685
0.517241 1.698519
0.551724 1.778878
0.586207 1.859457
0.620690 1.939945
0.655172 2.020034
0.689655 2.099421
0.724138 2.177815
0.758621 2.254938
0.793103 2.330531
0.827586 2.404359
0.862069 2.476207
0.896552 2.545891
0.931035 2.613248
0.965517 2.678149
1.000000 2.740489
