0.000000 0.606752
0.034483 0.649291
0.068966 0.693949
0.103448 0.740710
0.137931 0.789545
0.172414 0.840403
0.206897 0.893213
0.241379 0.947887
0.275862 1.004314
0.310345 1.062362
0.344828 1.121880
0.379310 1.182700
0.413793 1.244633
0.448276 1.307479
0.482759 1.371022
0.517241 1.435037
0.551724 1.499293
0.586207 1.563555
0.620690 1.627587
0.655172 1.691158
0.689655 1.754042
0.724138 1.816024
0.758621 1.876902
0.793103 1.936488
0.827586 1.994610
0.862069 2.051118
0.896552 2.105879
0.931035 2.158782
0.965517 2.209736
1.000000 2.258669
